-1 20
150 155.263 160.526 165.789 171.053 176.316 181.579 186.842 192.105 197.368 202.632 207.895 213.158 218.421 223.684 228.947 234.211 239.474 244.737 250 
150 155.263 160.526 165.789 171.053 176.316 181.579 186.842 192.105 197.368 202.632 207.895 213.158 218.421 223.684 228.947 234.211 239.474 244.737 250 
150 155.263 160.526 165.789 171.053 176.316 181.579 186.842 192.105 197.368 202.632 207.895 213.158 218.421 223.684 228.947 234.211 239.474 244.737 250 
150 155.263 160.526 165.789 171.053 176.316 181.579 186.842 192.105 197.368 202.632 207.895 213.158 218.421 223.684 228.947 234.211 239.474 244.737 250 
150 155.263 160.526 165.789 171.053 176.316 181.579 186.842 192.105 197.368 202.632 207.895 213.158 218.421 223.684 228.947 234.211 239.474 244.737 250 
150 155.263 160.526 165.789 171.053 176.316 181.579 186.842 192.105 197.368 202.632 207.895 213.158 218.421 223.684 228.947 234.211 239.474 244.737 250 
150 155.263 160.526 165.789 171.053 176.316 181.579 186.842 192.105 197.368 202.632 207.895 213.158 218.421 223.684 228.947 234.211 239.474 244.737 250 
150 155.263 160.526 165.789 171.053 176.316 181.579 186.842 192.105 197.368 202.632 207.895 213.158 218.421 223.684 228.947 234.211 239.474 244.737 250 
150 155.263 160.526 165.789 171.053 176.316 181.579 186.842 192.105 197.368 202.632 207.895 213.158 218.421 223.684 228.947 234.211 239.474 244.737 250 
150 155.263 160.526 165.789 171.053 176.316 181.579 186.842 192.105 197.368 202.632 207.895 213.158 218.421 223.684 228.947 234.211 239.474 244.737 250 
150 155.263 160.526 165.789 171.053 176.316 181.579 186.842 192.105 197.368 202.632 207.895 213.158 218.421 223.684 228.947 234.211 239.474 244.737 250 
150 155.263 160.526 165.789 171.053 176.316 181.579 186.842 192.105 197.368 202.632 207.895 213.158 218.421 223.684 228.947 234.211 239.474 244.737 250 
150 155.263 160.526 165.789 171.053 176.316 181.579 186.842 192.105 197.368 202.632 207.895 213.158 218.421 223.684 228.947 234.211 239.474 244.737 250 
150 155.263 160.526 165.789 171.053 176.316 181.579 186.842 192.105 197.368 202.632 207.895 213.158 218.421 223.684 228.947 234.211 239.474 244.737 250 
150 155.263 160.526 165.789 171.053 176.316 181.579 186.842 192.105 197.368 202.632 207.895 213.158 218.421 223.684 228.947 234.211 239.474 244.737 250 
150 155.263 160.526 165.789 171.053 176.316 181.579 186.842 192.105 197.368 202.632 207.895 213.158 218.421 223.684 228.947 234.211 239.474 244.737 250 
150 155.263 160.526 165.789 171.053 176.316 181.579 186.842 192.105 197.368 202.632 207.895 213.158 218.421 223.684 228.947 234.211 239.474 244.737 250 
150 155.263 160.526 165.789 171.053 176.316 181.579 186.842 192.105 197.368 202.632 207.895 213.158 218.421 223.684 228.947 234.211 239.474 244.737 250 
150 155.263 160.526 165.789 171.053 176.316 181.579 186.842 192.105 197.368 202.632 207.895 213.158 218.421 223.684 228.947 234.211 239.474 244.737 250 
150 155.263 160.526 165.789 171.053 176.316 181.579 186.842 192.105 197.368 202.632 207.895 213.158 218.421 223.684 228.947 234.211 239.474 244.737 250 
150 155.263 160.526 165.789 171.053 176.316 181.579 186.842 192.105 197.368 202.632 207.895 213.158 218.421 223.684 228.947 234.211 239.474 244.737 250 
150 155.263 160.526 165.789 171.053 176.316 181.579 186.842 192.105 197.368 202.632 207.895 213.158 218.421 223.684 228.947 234.211 239.474 244.737 250 
150 155.263 160.526 165.789 171.053 176.316 181.579 186.842 192.105 197.368 202.632 207.895 213.158 218.421 223.684 228.947 234.211 239.474 244.737 250 
150 155.263 160.526 165.789 171.053 176.316 181.579 186.842 192.105 197.368 202.632 207.895 213.158 218.421 223.684 228.947 234.211 239.474 244.737 250 
150 155.263 160.526 165.789 171.053 176.316 181.579 186.842 192.105 197.368 202.632 207.895 213.158 218.421 223.684 228.947 234.211 239.474 244.737 250 
150 155.263 160.526 165.789 171.053 176.316 181.579 186.842 192.105 197.368 202.632 207.895 213.158 218.421 223.684 228.947 234.211 239.474 244.737 250 
150 155.263 160.526 165.789 171.053 176.316 181.579 186.842 192.105 197.368 202.632 207.895 213.158 218.421 223.684 228.947 234.211 239.474 244.737 250 
150 155.263 160.526 165.789 171.053 176.316 181.579 186.842 192.105 197.368 202.632 207.895 213.158 218.421 223.684 228.947 234.211 239.474 244.737 250 
150 155.263 160.526 165.789 171.053 176.316 181.579 186.842 192.105 197.368 202.632 207.895 213.158 218.421 223.684 228.947 234.211 239.474 244.737 250 
150 155.263 160.526 165.789 171.053 176.316 181.579 186.842 192.105 197.368 202.632 207.895 213.158 218.421 223.684 228.947 234.211 239.474 244.737 250 
